.Random.seed <-
c(403L, 557L, -1740207814L, 1761908796L, 597675903L, 1266353365L, 
46897388L, -280440254L, -2022935139L, 1131933719L, -868145794L, 
1808366392L, 1911931931L, -388162183L, 1842768840L, 630552566L, 
-241739215L, 537676899L, -1444203470L, -1246604924L, 1110529991L, 
-1612653923L, -1072911852L, -782808902L, 274044165L, 378617567L, 
1791345510L, 1051861744L, 1924809235L, 805628849L, -987982240L, 
583308286L, 1161923465L, 448945339L, -1678616438L, -693220500L, 
-776769297L, 1161435941L, 1938032092L, -1221041230L, -1332294995L, 
-936926617L, 1060569486L, 468174440L, -1087344021L, -189215735L, 
493122200L, -1955854906L, -1602648799L, -2051070541L, 1246982434L, 
-645444844L, 1201992599L, -54199411L, -2120808796L, -1509693302L, 
-1485959435L, -2044292785L, 420994646L, -799816448L, 262774851L, 
1725846497L, 1029892944L, -704021074L, -734096551L, 1048926571L, 
584335578L, 39905692L, -716180065L, 1174292469L, 395822732L, 
-2024574110L, -1357898947L, 127634359L, -1948139426L, -1139499624L, 
1600948475L, -360196967L, 548468008L, 645911510L, -574470063L, 
-132297981L, 1491208850L, -430696412L, 1109206759L, -528803011L, 
-123583564L, 926879770L, 1606677349L, 821382655L, 1462780038L, 
-850605040L, -238211405L, -386204335L, -953101056L, 768491486L, 
-45990871L, 1296718811L, 308666602L, 1764634252L, 1452323279L, 
-1357118075L, -1531601348L, -296029422L, 951570445L, 1935790919L, 
-260691666L, 985972872L, -978762357L, -131506839L, -1524199624L, 
1010168294L, 1208247681L, 181844243L, -1299712318L, 1922724212L, 
-933525129L, 489126509L, 1063957764L, 173510698L, 1312378261L, 
1480806959L, 659332918L, 2050842464L, 752756131L, -844755263L, 
1162716848L, 871891406L, -314968775L, -1669994165L, 1661065978L, 
-1583195140L, 1122638911L, -930904811L, -237113812L, -77794558L, 
1723453405L, 1497418455L, -5421634L, -782532616L, 352599003L, 
-1595558343L, -1029890168L, 1906761526L, 2079137137L, -1731659869L, 
1995161330L, -1089575356L, -231421689L, -794783523L, 2026059220L, 
492464378L, -449769403L, -1505085281L, 823616038L, -454052176L, 
-235578541L, 1911338609L, 522386336L, 799009598L, 1383363145L, 
1990403835L, 61839050L, -2145294292L, 888942639L, 941445349L, 
-1761199716L, 941671410L, 1732755053L, -2105988185L, 466097614L, 
-737541336L, -806778581L, 639406921L, -891176872L, -457794298L, 
876509409L, 200274035L, -665695006L, -1955423148L, 448225623L, 
-1445002931L, -30731036L, -1314559798L, -643676875L, 703769487L, 
1548316822L, 1961652288L, 1061017859L, 2081338657L, 1991923216L, 
2020296174L, 1398258073L, -1443695061L, 1511685914L, -743299620L, 
-1838101537L, -2117895243L, -1251924660L, -982461534L, -1175381251L, 
-1075764233L, 383147294L, 1645420504L, -745721541L, 16164569L, 
1259493992L, -661443690L, 180047633L, -724977469L, -1845966638L, 
1101852004L, 779628711L, -1084545539L, 555743220L, 1488486618L, 
-1546825179L, 1139724095L, -1783399226L, -1293110960L, 966484339L, 
-1059042415L, -379372096L, -1348110434L, -396310167L, -798652005L, 
-1579246422L, -1365636404L, 192205711L, 284230784L, 10701300L, 
-934978936L, 136858426L, -277476016L, -1575965588L, 1914152340L, 
374472786L, 1502641632L, 675460300L, -393896288L, -2017308286L, 
-349521688L, 106101484L, 1049601340L, 788287602L, 1931989616L, 
-1500607964L, -2118445000L, -1088706278L, 952386768L, -1195833028L, 
-403086444L, 570292098L, -2105635904L, 1468499516L, -173170288L, 
2041124898L, 355050760L, 1802426508L, -1293152484L, 1761571986L, 
1020712320L, -1865904108L, 2084640552L, 1171842618L, -751636016L, 
-1667810964L, 343503796L, -546321902L, -595515424L, 1427171788L, 
523811040L, -783021022L, -1594895576L, -1121248756L, 1244300092L, 
-87777294L, -879643920L, -1937499580L, -1900712360L, -465070278L, 
1659236336L, -1038966084L, 850760980L, -1347625790L, -1759368096L, 
-351390340L, -380973104L, 794517794L, -227879256L, -1530202228L, 
328037564L, 1210583858L, -1819376064L, 1915704500L, 1977271368L, 
642254266L, -767596016L, -289735444L, 1308131668L, 955806482L, 
1572474272L, -1136395572L, -604685728L, -435740734L, -1586941144L, 
1608178092L, 1373728060L, -131187854L, -1212318416L, -1497528540L, 
-332217032L, -590354726L, 705822608L, 106085116L, -1750152300L, 
781427778L, -230935296L, -1635919812L, 414907728L, -642517854L, 
1758014280L, 589242124L, 2025422556L, 1233506130L, -1306478976L, 
400578644L, -1313987608L, -620422406L, 1670088016L, -1972768980L, 
-802839692L, 736457618L, 1447690848L, 1583134604L, 1602713440L, 
-997313566L, 2098572200L, 1807269068L, -2026423812L, 259360690L, 
1728517616L, 1002550724L, 2105166168L, 1979407738L, -1422099024L, 
863564732L, -2119786412L, 1011732418L, -975024096L, 44454076L, 
-167556528L, -1067223070L, -1691427224L, 1099370060L, 121258236L, 
-1470494734L, -1842092800L, -554871948L, -1516105720L, -1462496838L, 
1166585296L, -1209732116L, -1209816172L, 720808914L, 710412128L, 
-1342365364L, -256872160L, -1765204094L, 1267255016L, 1041053932L, 
-844294596L, -1835019406L, -1231350160L, -1446271964L, 1655177016L, 
-823887718L, -997515568L, 634920124L, 1755122324L, -389590398L, 
-677273408L, -1922542276L, 588691600L, 539637282L, -1763593720L, 
1743174924L, -1010806116L, 351880722L, -527218304L, -1256449516L, 
-1630679512L, 77656378L, 687832016L, 1401224812L, -116698316L, 
-1434709358L, -1953815200L, -748217012L, 229725152L, 2025910178L, 
1983643560L, -1826994292L, -1707554116L, 87348082L, 672786672L, 
-857668540L, -465156776L, -303808454L, 1075762032L, -1288195012L, 
1633917716L, 1579017666L, -1163305760L, 756023164L, -24193328L, 
1779870370L, -438369240L, 1761653004L, -1449419844L, -1691869902L, 
-1052424256L, -1984457164L, 535012296L, -1034666822L, 967262096L, 
-1705836052L, 1934816340L, -308540782L, -1654150368L, 265005516L, 
660165600L, 41176770L, -2103257560L, -1548808532L, -1309393220L, 
-848133646L, 1593127216L, 1906157732L, -1429267784L, -682616998L, 
-316256880L, 1479810428L, 142887188L, 1135510850L, 1299919616L, 
-2122931268L, -1731136688L, -647619294L, 1774586184L, -1951949812L, 
381121628L, -547879726L, 1500115968L, -1282816172L, -2053621272L, 
96567487L, -1417945000L, -1826102154L, -1578947453L, -111395643L, 
1861966306L, 616726608L, -1912307335L, 192648875L, -60604900L, 
-1266656950L, 494606655L, -592846967L, -662634594L, 1703243340L, 
-929204195L, 1311205799L, 561081552L, -1340035474L, 1046116635L, 
1967659645L, 2035425386L, -244445944L, -1903674959L, -2103202269L, 
-546706652L, -649618478L, -1234589657L, 1915216497L, -168884042L, 
-784355244L, -1049030427L, 184782063L, 1829920808L, 1456215174L, 
-1558602061L, -1893031915L, 1224405618L, 1228349120L, 1723331369L, 
-1151164005L, -912673172L, 781023866L, 72620975L, -1706000711L, 
285012174L, 44476956L, 1019191693L, -1745457161L, 2011230976L, 
-1537652386L, 961784363L, 691692845L, 2113304986L, 1785870168L, 
1807924929L, -1043685005L, 108227220L, -2021183710L, -1503086025L, 
-1649160447L, 219309574L, 1513946180L, -1053295243L, -1000390433L, 
-342440904L, 1494508566L, -2135325661L, -2123570203L, 912893442L, 
1606945904L, -1260447207L, 1653584907L, 928323324L, -234016982L, 
889741663L, -1701496599L, -402825218L, 1052783596L, 796915517L, 
-1305351417L, 349774576L, -73717106L, 103834811L, 1196699805L, 
-2077393846L, -1850186136L, -2090857903L, -28788413L, 2009321540L, 
451093234L, 1364069063L, 232990865L, -760760810L, 1486902388L, 
-176894203L, -1252950705L, -945791160L, -369248538L, 1283700755L, 
325869429L, 444845906L, -1404950624L, -1751784823L, 1793361595L, 
-32602868L, 402639002L, 938339855L, 617687641L, -329890066L, 
-1140763268L, -1930799635L, 2059268759L, -786723488L, 75192638L, 
-1461280245L, -2097719667L, -1638859846L, -506056200L, -428663391L, 
-38833325L, -1079256460L, -533103614L, 786067095L, -1817978783L, 
-1865747290L, 1766646948L, 786474325L, -315453953L, 1754326168L, 
-588910154L, 387500611L, 711585669L, 620309538L, -1354957040L, 
-1520731463L, 4321131L, 1499975260L, -699157622L, 2016291711L, 
1932383945L, -383443106L, -1030077428L, 457057245L, -962214169L, 
